CricShot10k Pre-trained Keras Model Evaluation
============================================================
Total Evaluated Videos: 2012
Baseline Accuracy     : 4.52%

Classification Report:
------------------------------------------------------------
                 precision    recall  f1-score   support

    Cover Drive       0.06      0.02      0.03       154
      Defensive       0.10      0.27      0.14       121
Down The Wicket       0.03      0.02      0.02       178
          Flick       0.00      0.00      0.00       186
           Hook       0.00      0.02      0.01       106
       Late Cut       0.03      0.07      0.04        61
 Lofted Legside       0.09      0.01      0.02       224
 Lofted Offside       0.10      0.12      0.11       204
           Pull       0.38      0.02      0.04       149
  Reverse Sweep       0.00      0.00      0.00        50
          Scoop       0.03      0.16      0.06        55
     Square Cut       0.00      0.00      0.00       204
 Straight Drive       0.00      0.00      0.00        84
          Sweep       0.00      0.00      0.00       181
      Upper Cut       0.02      0.13      0.04        55

       accuracy                           0.05      2012
      macro avg       0.06      0.06      0.03      2012
   weighted avg       0.06      0.05      0.03      2012


Confusion Matrix:
------------------------------------------------------------
[[  3  46  17   2  19   8   5  25   0   2  12   1   0   1  13]
 [  2  33  22   0  15  10   1  11   0   1   8   0   0   0  18]
 [  2  13   4   3 100  14   1  10   1   2  10   0   0   3  15]
 [  5  52  19   0  21  11   3  32   0   1  27   0   0   1  14]
 [  2  24  10   0   2   2   1   9   0   5  30   0   0   0  21]
 [  0  12   6   0   9   4   2   8   0   1   9   0   0   0  10]
 [  6  33  12   2  51  25   2  18   2   7  38   0   0   3  25]
 [  9  19  16   2  46  17   1  24   0   1  39   1   0   7  22]
 [  2  23  12   4  36   7   0  19   3   2  22   0   0   3  16]
 [  1   8   1   0   7   4   0   4   0   0   2   0   0   0  23]
 [  0   9   0   0  13   2   0   8   0   1   9   0   0   0  13]
 [  7  36   8   1  35   7   2  49   1   1  20   0   0   5  32]
 [  3  13  14   0  12   2   2   7   1   2  10   7   0   0  11]
 [  8  13   3   0  48  33   2   7   0   0   5   0   2   0  60]
 [  0   9   6   0   0   1   0  13   0   0  19   0   0   0   7]]
